Items,HP,MR,HR,AR,AD,CS,AS,LS,AP,SV,CDR,MP,MPR,MS
Amplifying Tome,0,0,0,0,0,0,0,0,20,0,0,0,0,0
B.F. Sword,0,0,0,0,80,0,0,0,0,0,0,0,0,0
Bami's Cinder,300,0,0,0,0,0,0,0,0,0,0,0,0,0
Banshee's Veil,450 55 100 0,0,0,0,0,0,0,0,0,0,0
Blasting Wand,0,0,0,0,0,0,0,0,40,0,0,0,0,0,
Boots of Speed,0,0,0,0,0,0,0,0,0,0,0,0,0,25
Catalyst the Protector,200,0,0,0,0,0,0,0,0,0,0,300,0,0
Chain Vest,0,0,0,40,0,0,0,0,0,0,0,0,0,0
Cloak of Agility,0,0,0,0,0,15,0,0,0,0,0,0,0,0
Cloth Armor,0,0,0,15,0,0,0,0,0,0,0,0,0,0
Dagger,0,0,0,0,0,0,15,0,0,0,0,0,0,0
Entropy,275 0,0,0,55 0,0,0,0,0,0,0,0,0
Essence Reaver,0,0,0,0,80 0,0,10 0,0,10,0,0,0
Fiendish Codex,0,0,0,0,0,0,0,0,30 0,10,0,0,0
Infinity Edge,0,0,0,0,80 20 0,0,0,0,0,0,0,0
Long Sword,0,0,0,0,10 0,0,0,0,0,0,0,0,0
Nashor's Tooth,0,0,0,0,0,0,50 0,60 0,20,0,0,0
Negatron Cloak,0,45 0,0,0,0,0,0,0,0,0,0,0,0
Ninja Tabi,0,0,0,25 0,0,0,0,0,0,0,0,0,45
Null-Magic Mantle,0,20 0,0,0,0,0,0,0,0,0,0,0,0
Phage,200 0,0,0,20 0,0,0,0,0,0,0,0,0
Pickaxe,0,0,0,0,25 0,0,0,0,0,0,0,0,0
Rod of Ages,650 0,0,0,0,0,0,0,80 0,0,650 0,0
Ruby Crystal,150 0,0,0,0,0,0,0,0,0,0,0,0,0
Sapphire Crystal,0,0,0,0,0,0,0,0,0,0,0,200 0,0
Spectre's Cowl,200 35 0,0,0,0,0,0,0,0,0,0,0,0
Stinger,0,0,0,0,0,0,40 0,0,0,10,0,0,0
Sunfire Cape,450 0,0,45 0,0,0,0,0,0,0,0,0,0
Vampiric Scepter,0,0,0,0,10 0,0,8,0,0,0,0,0,0
Zephyr,0,0,0,0,25 0,50 0,0,0,10,0,0,10
